SpotCamIds.FRONTLEFT_DEPTH
x: 0.41619532493078804
y: 0.03740343144695029
z: 0.023127331893806183
W: 0.5178 X: 0.1422 Y: 0.8133 Z: -0.2241

SpotCamIds.FRONTRIGHT_DEPTH
x: 0.4164822634134684
y: -0.03614789234067159
z: 0.023188565383785213
W: 0.5184 X: -0.1495 Y: 0.8101 Z: 0.2294