0 ['basket', [9.966100134277344, 9.455469842834473, 0.0]]
1 ['bed', [9.515739836120606, 3.5788700541687013, 0.0]]
2 ['chair', [-0.29820116577148426, -1.93294120223999, 0.4555298686027527]]
3 ['chair', [0.5048898834228517, -1.9136612454223632, 0.4471697211265564]]
4 ['chair', [0.5048450607299806, -2.440908197479248, 0.447162926197052]]
5 ['chair', [0.023249544525146604, -1.2584092655944823, 0.44717463850975037]]
6 ['chair', [0.05297604980468762, -3.155308488922119, 0.4471741020679474]]
7 ['chair', [-0.2984505516052245, -2.4293906727600096, 0.45541873574256897]]
8 ['stool', [5.067768864655495, -0.8328490296173094, 0.44194653630256653]]
9 ['stool', [4.243506230735779, -0.8327708283233641, 0.4419563114643097]]
10 ['stool', [3.5014664310455323, -0.8335802593994139, 0.44194844365119934]]
11 ['basket', [6.048229910755158, 2.62727990357399, 0.0]]
12 ['chair', [5.882698811912537, 5.051469083709717, 0.0]]
13 ['chair', [3.1237155574798585, 5.319269891662598, 0.0]]
14 ['chair', [1.2022003311157228, 4.856069799346924, 0.0]]
15 ['chair', [1.2857000011444093, 9.027869935913087, 0.0]]
16 ['chair', [0.1493000167846681, 9.027869935913087, 0.0]]
17 ['chair', [-0.3978000503540038, 7.756069894714356, 0.0]]
18 ['table', [1.6447400230407716, 3.8075698575210573, 0.011717000044882298]]
19 ['sofa', [0.6605867523193361, 2.3743800034952165, 0.0]]
20 ['table', [0.05991021575927746, -2.1687700787353514, 0.0]]
21 ['toilet', [9.825000204467774, 9.058270212097169, 0.0]]
22 ['shelf', [9.33530036392212, 9.077369924468995, 1.6556998491287231]]
23 ['sink', [9.587099947357178, 7.65647005645752, 0.0]]
24 ['cabinet', [6.138868607902527, 3.7133052310180665, 3.360000118846074e-05]]
25 ['cabinet', [1.552782215499878, 5.614361282272339, 3.310000101919286e-05]]
26 ['dresser', [9.176510013961792, 6.614837404174805, 0.001117000007070601]]
27 ['dresser', [9.176510013961792, 6.614837404174805, 0.001117000007070601]]
28 ['kitchen island', [4.136689581298828, -1.4011738339233397, 0.0]]
29 ['counter', [4.044071354293823, -4.1039426365661615, 0.0]]
30 ['nightstand', [10.886564649963379, 2.690652008934021, 0.0011166000040248036]]
31 ['nightstand', [8.236528314971924, 2.690652008934021, 0.001117300009354949]]
32 ['desk', [-0.7846899848937987, 7.76346993057251, 0.0]]
33 ['shelf', [1.0402001518249513, 6.282369848175049, 0.0]]